0	0	2.6881720430107527E-4	2.6881720430107527E-4	0.24220430107526883	2.6881720430107527E-4	2.6881720430107527E-4	2.6881720430107527E-4	2.6881720430107527E-4	0.3147849462365591	0.008333333333333335	2.6881720430107527E-4	2.6881720430107527E-4	2.6881720430107527E-4	2.6881720430107527E-4	2.6881720430107527E-4	0.17768817204301077	0.04865591397849462	2.6881720430107527E-4	2.6881720430107527E-4	2.6881720430107527E-4	2.6881720430107527E-4	2.6881720430107527E-4	2.6881720430107527E-4	2.6881720430107527E-4	2.6881720430107527E-4	0.008333333333333335	2.6881720430107527E-4	2.6881720430107527E-4	0.008333333333333335	0.18575268817204302	2.6881720430107527E-4
1	1	2.487562189054726E-4	0.11965174129353236	0.052487562189054725	2.487562189054726E-4	2.487562189054726E-4	2.487562189054726E-4	2.487562189054726E-4	0.5002487562189054	2.487562189054726E-4	2.487562189054726E-4	2.487562189054726E-4	2.487562189054726E-4	2.487562189054726E-4	0.12711442786069652	2.487562189054726E-4	2.487562189054726E-4	2.487562189054726E-4	2.487562189054726E-4	0.007711442786069653	2.487562189054726E-4	2.487562189054726E-4	0.02263681592039801	2.487562189054726E-4	0.037562189054726365	2.487562189054726E-4	2.487562189054726E-4	2.487562189054726E-4	2.487562189054726E-4	2.487562189054726E-4	0.12711442786069652
2	2	1.0256410256410256E-4	1.0256410256410256E-4	0.09856410256410256	0.018564102564102562	1.0256410256410256E-4	1.0256410256410256E-4	1.0256410256410256E-4	0.45856410256410257	1.0256410256410256E-4	1.0256410256410256E-4	1.0256410256410256E-4	0.02164102564102564	1.0256410256410256E-4	0.03702564102564102	0.07394871794871795	1.0256410256410256E-4	1.0256410256410256E-4	1.0256410256410256E-4	0.07702564102564104	1.0256410256410256E-4	1.0256410256410256E-4	1.0256410256410256E-4	0.015487179487179486	1.0256410256410256E-4	1.0256410256410256E-4	1.0256410256410256E-4	1.0256410256410256E-4	1.0256410256410256E-4	0.12625641025641024	0.07087179487179487
3	3	1.8315018315018315E-4	1.8315018315018315E-4	1.8315018315018315E-4	0.022161172161172162	1.8315018315018315E-4	1.8315018315018315E-4	1.8315018315018315E-4	0.23644688644688644	1.8315018315018315E-4	1.8315018315018315E-4	1.8315018315018315E-4	0.3902930402930403	1.8315018315018315E-4	1.8315018315018315E-4	1.8315018315018315E-4	0.11556776556776557	1.8315018315018315E-4	1.8315018315018315E-4	1.8315018315018315E-4	1.8315018315018315E-4	1.8315018315018315E-4	1.8315018315018315E-4	1.8315018315018315E-4	1.8315018315018315E-4	1.8315018315018315E-4	1.8315018315018315E-4	1.8315018315018315E-4	1.8315018315018315E-4	0.23095238095238094	1.8315018315018315E-4
4	4	0.001075268817204301	0.001075268817204301	0.001075268817204301	0.001075268817204301	0.001075268817204301	0.001075268817204301	0.001075268817204301	0.22688172043010751	0.001075268817204301	0.001075268817204301	0.001075268817204301	0.2913978494623656	0.001075268817204301	0.001075268817204301	0.001075268817204301	0.45268817204301076	0.001075268817204301	0.001075268817204301	0.001075268817204301	0.001075268817204301	0.001075268817204301	0.001075268817204301	0.001075268817204301	0.001075268817204301	0.001075268817204301	0.001075268817204301	0.001075268817204301	0.001075268817204301	0.001075268817204301	0.001075268817204301
5	5	4.830917874396135E-4	4.830917874396135E-4	4.830917874396135E-4	4.830917874396135E-4	4.830917874396135E-4	4.830917874396135E-4	4.830917874396135E-4	0.18888888888888888	4.830917874396135E-4	4.830917874396135E-4	4.830917874396135E-4	0.7106280193236715	4.830917874396135E-4	4.830917874396135E-4	4.830917874396135E-4	4.830917874396135E-4	4.830917874396135E-4	0.014975845410628021	4.830917874396135E-4	0.04396135265700483	0.029468599033816423	4.830917874396135E-4	4.830917874396135E-4	4.830917874396135E-4	4.830917874396135E-4	4.830917874396135E-4	4.830917874396135E-4	4.830917874396135E-4	4.830917874396135E-4	4.830917874396135E-4
6	6	3.5460992907801415E-4	3.5460992907801415E-4	3.5460992907801415E-4	3.5460992907801415E-4	3.5460992907801415E-4	3.5460992907801415E-4	3.5460992907801415E-4	0.5641843971631205	3.5460992907801415E-4	3.5460992907801415E-4	0.01099290780141844	0.13865248226950355	3.5460992907801415E-4	3.5460992907801415E-4	3.5460992907801415E-4	3.5460992907801415E-4	3.5460992907801415E-4	3.5460992907801415E-4	0.21312056737588655	3.5460992907801415E-4	3.5460992907801415E-4	3.5460992907801415E-4	3.5460992907801415E-4	3.5460992907801415E-4	0.06418439716312056	3.5460992907801415E-4	3.5460992907801415E-4	3.5460992907801415E-4	3.5460992907801415E-4	3.5460992907801415E-4
7	7	6.944444444444445E-4	6.944444444444445E-4	0.06319444444444444	6.944444444444445E-4	6.944444444444445E-4	6.944444444444445E-4	6.944444444444445E-4	0.08402777777777777	6.944444444444445E-4	6.944444444444445E-4	6.944444444444445E-4	6.944444444444445E-4	6.944444444444445E-4	6.944444444444445E-4	0.08402777777777777	6.944444444444445E-4	6.944444444444445E-4	6.944444444444445E-4	6.944444444444445E-4	6.944444444444445E-4	6.944444444444445E-4	6.944444444444445E-4	6.944444444444445E-4	6.944444444444445E-4	6.944444444444445E-4	6.944444444444445E-4	6.944444444444445E-4	6.944444444444445E-4	0.7506944444444444	6.944444444444445E-4
8	8	3.058103975535168E-4	3.058103975535168E-4	0.02782874617737003	3.058103975535168E-4	3.058103975535168E-4	0.009480122324159023	3.058103975535168E-4	0.23883792048929664	3.058103975535168E-4	3.058103975535168E-4	3.058103975535168E-4	3.058103975535168E-4	3.058103975535168E-4	3.058103975535168E-4	3.058103975535168E-4	3.058103975535168E-4	3.058103975535168E-4	3.058103975535168E-4	0.4131498470948012	3.058103975535168E-4	0.09204892966360856	3.058103975535168E-4	3.058103975535168E-4	3.058103975535168E-4	3.058103975535168E-4	3.058103975535168E-4	3.058103975535168E-4	3.058103975535168E-4	0.21131498470948012	3.058103975535168E-4
9	9	1.4005602240896358E-4	1.4005602240896358E-4	1.4005602240896358E-4	1.4005602240896358E-4	1.4005602240896358E-4	1.4005602240896358E-4	1.4005602240896358E-4	0.5085434173669467	1.4005602240896358E-4	0.11358543417366948	1.4005602240896358E-4	1.4005602240896358E-4	1.4005602240896358E-4	1.4005602240896358E-4	0.04215686274509804	1.4005602240896358E-4	1.4005602240896358E-4	1.4005602240896358E-4	0.22703081232492997	1.4005602240896358E-4	0.008543417366946778	1.4005602240896358E-4	1.4005602240896358E-4	1.4005602240896358E-4	1.4005602240896358E-4	1.4005602240896358E-4	1.4005602240896358E-4	1.4005602240896358E-4	0.09677871148459384	1.4005602240896358E-4
10	10	0.01829916476841306	0.03880030372057707	0.23470007593014428	7.593014426727411E-5	7.593014426727411E-5	7.593014426727411E-5	7.593014426727411E-5	0.23925588458618072	0.0023538344722854976	7.593014426727411E-5	0.004631738800303721	7.593014426727411E-5	7.593014426727411E-5	7.593014426727411E-5	0.022854973424449507	0.13902809415337888	7.593014426727411E-5	7.593014426727411E-5	0.07980258162490508	7.593014426727411E-5	0.006909643128321943	0.01829916476841306	7.593014426727411E-5	0.027410782080485953	7.593014426727411E-5	7.593014426727411E-5	7.593014426727411E-5	7.593014426727411E-5	0.16636294608959756	7.593014426727411E-5
11	11	9.009009009009009E-4	9.009009009009009E-4	9.009009009009009E-4	9.009009009009009E-4	0.109009009009009	9.009009009009009E-4	9.009009009009009E-4	9.009009009009009E-4	9.009009009009009E-4	9.009009009009009E-4	9.009009009009009E-4	9.009009009009009E-4	9.009009009009009E-4	9.009009009009009E-4	9.009009009009009E-4	0.5954954954954955	9.009009009009009E-4	9.009009009009009E-4	9.009009009009009E-4	9.009009009009009E-4	9.009009009009009E-4	9.009009009009009E-4	0.21711711711711712	9.009009009009009E-4	0.05495495495495495	9.009009009009009E-4	9.009009009009009E-4	9.009009009009009E-4	9.009009009009009E-4	9.009009009009009E-4
12	12	4.5045045045045046E-4	4.5045045045045046E-4	0.36531531531531536	4.5045045045045046E-4	4.5045045045045046E-4	4.5045045045045046E-4	4.5045045045045046E-4	4.5045045045045046E-4	4.5045045045045046E-4	4.5045045045045046E-4	4.5045045045045046E-4	4.5045045045045046E-4	4.5045045045045046E-4	4.5045045045045046E-4	4.5045045045045046E-4	4.5045045045045046E-4	4.5045045045045046E-4	4.5045045045045046E-4	0.013963963963963965	0.18963963963963965	4.5045045045045046E-4	4.5045045045045046E-4	4.5045045045045046E-4	0.16261261261261262	4.5045045045045046E-4	4.5045045045045046E-4	4.5045045045045046E-4	4.5045045045045046E-4	4.5045045045045046E-4	0.25720720720720724
13	13	2.1645021645021645E-4	0.05216450216450216	0.16255411255411256	0.006709956709956711	2.1645021645021645E-4	2.1645021645021645E-4	0.08463203463203463	0.04567099567099567	2.1645021645021645E-4	2.1645021645021645E-4	2.1645021645021645E-4	2.1645021645021645E-4	2.1645021645021645E-4	2.1645021645021645E-4	0.05216450216450216	2.1645021645021645E-4	2.1645021645021645E-4	2.1645021645021645E-4	2.1645021645021645E-4	0.3183982683982684	0.02619047619047619	2.1645021645021645E-4	2.1645021645021645E-4	2.1645021645021645E-4	2.1645021645021645E-4	2.1645021645021645E-4	2.1645021645021645E-4	2.1645021645021645E-4	2.1645021645021645E-4	0.24696969696969695
14	14	3.1446540880503143E-4	3.1446540880503143E-4	0.1606918238993711	0.019182389937106917	3.1446540880503143E-4	3.1446540880503143E-4	0.019182389937106917	3.1446540880503143E-4	3.1446540880503143E-4	3.1446540880503143E-4	0.009748427672955976	0.028616352201257862	3.1446540880503143E-4	3.1446540880503143E-4	3.1446540880503143E-4	0.038050314465408804	3.1446540880503143E-4	3.1446540880503143E-4	3.1446540880503143E-4	0.1889937106918239	3.1446540880503143E-4	3.1446540880503143E-4	3.1446540880503143E-4	0.2078616352201258	3.1446540880503143E-4	3.1446540880503143E-4	3.1446540880503143E-4	3.1446540880503143E-4	3.1446540880503143E-4	0.3210691823899371
15	15	4.065040650406504E-4	0.09796747967479674	0.07357723577235772	4.065040650406504E-4	4.065040650406504E-4	4.065040650406504E-4	0.13455284552845528	4.065040650406504E-4	4.065040650406504E-4	4.065040650406504E-4	4.065040650406504E-4	4.065040650406504E-4	4.065040650406504E-4	4.065040650406504E-4	4.065040650406504E-4	4.065040650406504E-4	4.065040650406504E-4	4.065040650406504E-4	0.09796747967479674	4.065040650406504E-4	0.09796747967479674	4.065040650406504E-4	4.065040650406504E-4	0.1467479674796748	4.065040650406504E-4	4.065040650406504E-4	4.065040650406504E-4	4.065040650406504E-4	4.065040650406504E-4	0.34186991869918704
16	16	0.0011904761904761904	0.0011904761904761904	0.2869047619047619	0.0011904761904761904	0.0011904761904761904	0.0011904761904761904	0.036904761904761905	0.0011904761904761904	0.0011904761904761904	0.0011904761904761904	0.0011904761904761904	0.0011904761904761904	0.0011904761904761904	0.036904761904761905	0.0011904761904761904	0.4654761904761905	0.0011904761904761904	0.0011904761904761904	0.0011904761904761904	0.0011904761904761904	0.0011904761904761904	0.0011904761904761904	0.0011904761904761904	0.0011904761904761904	0.0011904761904761904	0.036904761904761905	0.0011904761904761904	0.0011904761904761904	0.0011904761904761904	0.10833333333333332
17	17	2.4330900243309E-4	0.12433090024330902	2.4330900243309E-4	2.4330900243309E-4	2.4330900243309E-4	2.4330900243309E-4	2.4330900243309E-4	2.4330900243309E-4	2.4330900243309E-4	2.4330900243309E-4	0.007542579075425791	2.4330900243309E-4	2.4330900243309E-4	0.007542579075425791	0.270316301703163	2.4330900243309E-4	2.4330900243309E-4	2.4330900243309E-4	2.4330900243309E-4	0.270316301703163	2.4330900243309E-4	2.4330900243309E-4	2.4330900243309E-4	0.0732360097323601	0.01484184914841849	2.4330900243309E-4	2.4330900243309E-4	2.4330900243309E-4	0.04403892944038929	0.18272506082725062
18	18	1.5723270440251572E-4	1.5723270440251572E-4	0.28789308176100625	0.04732704402515723	1.5723270440251572E-4	1.5723270440251572E-4	0.019025157232704402	1.5723270440251572E-4	1.5723270440251572E-4	1.5723270440251572E-4	1.5723270440251572E-4	0.004874213836477988	0.009591194968553459	1.5723270440251572E-4	0.03317610062893082	1.5723270440251572E-4	1.5723270440251572E-4	1.5723270440251572E-4	1.5723270440251572E-4	0.12751572327044025	1.5723270440251572E-4	1.5723270440251572E-4	1.5723270440251572E-4	0.06147798742138365	1.5723270440251572E-4	1.5723270440251572E-4	1.5723270440251572E-4	0.009591194968553459	1.5723270440251572E-4	0.39638364779874213
19	19	9.523809523809524E-4	9.523809523809524E-4	9.523809523809524E-4	9.523809523809524E-4	0.17238095238095238	9.523809523809524E-4	9.523809523809524E-4	0.029523809523809525	9.523809523809524E-4	9.523809523809524E-4	9.523809523809524E-4	9.523809523809524E-4	9.523809523809524E-4	9.523809523809524E-4	9.523809523809524E-4	9.523809523809524E-4	9.523809523809524E-4	9.523809523809524E-4	9.523809523809524E-4	9.523809523809524E-4	9.523809523809524E-4	9.523809523809524E-4	0.4866666666666667	9.523809523809524E-4	9.523809523809524E-4	9.523809523809524E-4	9.523809523809524E-4	9.523809523809524E-4	9.523809523809524E-4	0.2866666666666667
20	20	4.975124378109452E-4	4.975124378109452E-4	4.975124378109452E-4	4.975124378109452E-4	4.975124378109452E-4	4.975124378109452E-4	0.20945273631840797	4.975124378109452E-4	4.975124378109452E-4	4.975124378109452E-4	4.975124378109452E-4	4.975124378109452E-4	4.975124378109452E-4	4.975124378109452E-4	4.975124378109452E-4	4.975124378109452E-4	4.975124378109452E-4	4.975124378109452E-4	4.975124378109452E-4	4.975124378109452E-4	4.975124378109452E-4	4.975124378109452E-4	0.6422885572139303	4.975124378109452E-4	4.975124378109452E-4	4.975124378109452E-4	4.975124378109452E-4	4.975124378109452E-4	4.975124378109452E-4	0.13482587064676615
21	21	9.009009009009009E-4	9.009009009009009E-4	9.009009009009009E-4	9.009009009009009E-4	9.009009009009009E-4	9.009009009009009E-4	0.32522522522522523	9.009009009009009E-4	9.009009009009009E-4	9.009009009009009E-4	9.009009009009009E-4	9.009009009009009E-4	9.009009009009009E-4	9.009009009009009E-4	9.009009009009009E-4	0.02792792792792793	9.009009009009009E-4	9.009009009009009E-4	9.009009009009009E-4	9.009009009009009E-4	9.009009009009009E-4	9.009009009009009E-4	0.32522522522522523	9.009009009009009E-4	9.009009009009009E-4	9.009009009009009E-4	0.02792792792792793	9.009009009009009E-4	9.009009009009009E-4	0.2711711711711712
22	22	1.8018018018018018E-4	1.8018018018018018E-4	1.8018018018018018E-4	1.8018018018018018E-4	0.17855855855855854	1.8018018018018018E-4	0.3082882882882883	1.8018018018018018E-4	1.8018018018018018E-4	1.8018018018018018E-4	1.8018018018018018E-4	1.8018018018018018E-4	1.8018018018018018E-4	0.016396396396396395	1.8018018018018018E-4	1.8018018018018018E-4	1.8018018018018018E-4	1.8018018018018018E-4	1.8018018018018018E-4	0.07045045045045045	1.8018018018018018E-4	1.8018018018018018E-4	0.3136936936936937	1.8018018018018018E-4	1.8018018018018018E-4	1.8018018018018018E-4	1.8018018018018018E-4	1.8018018018018018E-4	1.8018018018018018E-4	0.10828828828828829
23	23	0.0688888888888889	0.0022222222222222222	0.4022222222222222	0.0022222222222222222	0.13555555555555554	0.0022222222222222222	0.20222222222222222	0.0022222222222222222	0.0022222222222222222	0.0022222222222222222	0.0022222222222222222	0.0022222222222222222	0.0022222222222222222	0.0022222222222222222	0.0022222222222222222	0.0022222222222222222	0.0022222222222222222	0.0022222222222222222	0.0022222222222222222	0.0022222222222222222	0.13555555555555554	0.0022222222222222222	0.0022222222222222222	0.0022222222222222222	0.0022222222222222222	0.0022222222222222222	0.0022222222222222222	0.0022222222222222222	0.0022222222222222222	0.0022222222222222222
24	24	2.4154589371980676E-4	0.08719806763285023	0.043719806763285025	2.4154589371980676E-4	0.2900966183574879	2.4154589371980676E-4	2.4154589371980676E-4	2.4154589371980676E-4	2.4154589371980676E-4	2.4154589371980676E-4	0.058212560386473426	2.4154589371980676E-4	0.2176328502415459	2.4154589371980676E-4	2.4154589371980676E-4	2.4154589371980676E-4	2.4154589371980676E-4	2.4154589371980676E-4	2.4154589371980676E-4	2.4154589371980676E-4	2.4154589371980676E-4	2.4154589371980676E-4	2.4154589371980676E-4	0.29734299516908214	2.4154589371980676E-4	2.4154589371980676E-4	2.4154589371980676E-4	2.4154589371980676E-4	2.4154589371980676E-4	2.4154589371980676E-4
25	25	4.830917874396135E-4	4.830917874396135E-4	0.058454106280193235	4.830917874396135E-4	0.27584541062801937	4.830917874396135E-4	0.029468599033816423	4.830917874396135E-4	4.830917874396135E-4	4.830917874396135E-4	4.830917874396135E-4	4.830917874396135E-4	4.830917874396135E-4	4.830917874396135E-4	4.830917874396135E-4	4.830917874396135E-4	0.014975845410628021	4.830917874396135E-4	0.29033816425120773	4.830917874396135E-4	4.830917874396135E-4	4.830917874396135E-4	0.07294685990338164	0.24685990338164254	4.830917874396135E-4	4.830917874396135E-4	4.830917874396135E-4	4.830917874396135E-4	4.830917874396135E-4	4.830917874396135E-4
26	26	1.7543859649122806E-4	1.7543859649122806E-4	0.05280701754385965	0.10017543859649124	0.11070175438596493	0.07912280701754386	0.04228070175438597	1.7543859649122806E-4	0.015964912280701755	1.7543859649122806E-4	1.7543859649122806E-4	1.7543859649122806E-4	1.7543859649122806E-4	1.7543859649122806E-4	1.7543859649122806E-4	1.7543859649122806E-4	1.7543859649122806E-4	0.015964912280701755	0.026491228070175437	1.7543859649122806E-4	0.1317543859649123	1.7543859649122806E-4	1.7543859649122806E-4	0.30543859649122806	0.047543859649122805	0.015964912280701755	1.7543859649122806E-4	1.7543859649122806E-4	0.05280701754385965	1.7543859649122806E-4
27	27	0.0010416666666666667	0.0010416666666666667	0.0010416666666666667	0.0010416666666666667	0.40729166666666666	0.0010416666666666667	0.0010416666666666667	0.0010416666666666667	0.0010416666666666667	0.0010416666666666667	0.0010416666666666667	0.0010416666666666667	0.0010416666666666667	0.0010416666666666667	0.03229166666666667	0.0010416666666666667	0.0010416666666666667	0.06354166666666666	0.15729166666666666	0.0010416666666666667	0.03229166666666667	0.0010416666666666667	0.0010416666666666667	0.28229166666666666	0.0010416666666666667	0.0010416666666666667	0.0010416666666666667	0.0010416666666666667	0.0010416666666666667	0.0010416666666666667
28	28	1.7636684303350968E-4	0.0689594356261023	1.7636684303350968E-4	1.7636684303350968E-4	0.2858906525573192	1.7636684303350968E-4	0.07425044091710759	1.7636684303350968E-4	1.7636684303350968E-4	0.12186948853615522	1.7636684303350968E-4	1.7636684303350968E-4	0.005467372134038802	1.7636684303350968E-4	0.005467372134038802	1.7636684303350968E-4	1.7636684303350968E-4	1.7636684303350968E-4	1.7636684303350968E-4	1.7636684303350968E-4	0.047795414462081125	1.7636684303350968E-4	1.7636684303350968E-4	0.27001763668430334	1.7636684303350968E-4	1.7636684303350968E-4	1.7636684303350968E-4	1.7636684303350968E-4	1.7636684303350968E-4	0.11657848324514992
29	29	8.591065292096219E-5	0.1109106529209622	8.591065292096219E-5	8.591065292096219E-5	0.051632302405498286	8.591065292096219E-5	0.18307560137457043	8.591065292096219E-5	0.015549828178694158	0.18823024054982818	8.591065292096219E-5	8.591065292096219E-5	8.591065292096219E-5	8.591065292096219E-5	8.591065292096219E-5	8.591065292096219E-5	8.591065292096219E-5	8.591065292096219E-5	8.591065292096219E-5	8.591065292096219E-5	8.591065292096219E-5	0.0026632302405498283	0.02070446735395189	0.3377147766323024	8.591065292096219E-5	8.591065292096219E-5	8.591065292096219E-5	8.591065292096219E-5	0.05678694158075602	0.031013745704467355
30	30	7.407407407407407E-4	7.407407407407407E-4	7.407407407407407E-4	7.407407407407407E-4	7.407407407407407E-4	7.407407407407407E-4	7.407407407407407E-4	7.407407407407407E-4	7.407407407407407E-4	0.22296296296296297	7.407407407407407E-4	7.407407407407407E-4	7.407407407407407E-4	7.407407407407407E-4	7.407407407407407E-4	7.407407407407407E-4	7.407407407407407E-4	0.2896296296296296	7.407407407407407E-4	7.407407407407407E-4	7.407407407407407E-4	7.407407407407407E-4	0.11185185185185186	7.407407407407407E-4	7.407407407407407E-4	0.24518518518518517	0.0674074074074074	7.407407407407407E-4	7.407407407407407E-4	0.04518518518518518
31	31	1.243781094527363E-4	0.3359452736318408	1.243781094527363E-4	1.243781094527363E-4	1.243781094527363E-4	1.243781094527363E-4	0.05982587064676618	1.243781094527363E-4	0.03370646766169154	0.04116915422885572	0.0038557213930348264	1.243781094527363E-4	1.243781094527363E-4	1.243781094527363E-4	0.015049751243781094	1.243781094527363E-4	1.243781094527363E-4	0.09340796019900498	0.04116915422885572	0.08221393034825872	1.243781094527363E-4	1.243781094527363E-4	0.022512437810945272	0.11206467661691542	0.0038557213930348264	0.018781094527363183	0.0038557213930348264	1.243781094527363E-4	1.243781094527363E-4	0.13072139303482586
32	32	2.849002849002849E-4	2.849002849002849E-4	2.849002849002849E-4	2.849002849002849E-4	0.1626780626780627	2.849002849002849E-4	2.849002849002849E-4	2.849002849002849E-4	2.849002849002849E-4	0.15413105413105416	2.849002849002849E-4	2.849002849002849E-4	2.849002849002849E-4	2.849002849002849E-4	2.849002849002849E-4	2.849002849002849E-4	2.849002849002849E-4	2.849002849002849E-4	0.5814814814814815	2.849002849002849E-4	2.849002849002849E-4	2.849002849002849E-4	0.05156695156695157	0.04301994301994302	2.849002849002849E-4	2.849002849002849E-4	2.849002849002849E-4	2.849002849002849E-4	2.849002849002849E-4	2.849002849002849E-4
33	33	2.849002849002849E-4	2.849002849002849E-4	0.4447293447293447	2.849002849002849E-4	2.849002849002849E-4	2.849002849002849E-4	2.849002849002849E-4	2.849002849002849E-4	2.849002849002849E-4	2.849002849002849E-4	2.849002849002849E-4	2.849002849002849E-4	2.849002849002849E-4	2.849002849002849E-4	2.849002849002849E-4	2.849002849002849E-4	2.849002849002849E-4	2.849002849002849E-4	2.849002849002849E-4	0.19686609686609688	2.849002849002849E-4	2.849002849002849E-4	2.849002849002849E-4	0.10284900284900285	2.849002849002849E-4	2.849002849002849E-4	2.849002849002849E-4	2.849002849002849E-4	0.017378917378917377	0.23105413105413106
34	34	1.9047619047619048E-4	0.011619047619047619	0.34304761904761905	1.9047619047619048E-4	1.9047619047619048E-4	1.9047619047619048E-4	0.05161904761904762	1.9047619047619048E-4	1.9047619047619048E-4	1.9047619047619048E-4	1.9047619047619048E-4	1.9047619047619048E-4	1.9047619047619048E-4	1.9047619047619048E-4	1.9047619047619048E-4	0.09161904761904763	1.9047619047619048E-4	1.9047619047619048E-4	1.9047619047619048E-4	0.1259047619047619	1.9047619047619048E-4	1.9047619047619048E-4	1.9047619047619048E-4	1.9047619047619048E-4	1.9047619047619048E-4	1.9047619047619048E-4	1.9047619047619048E-4	1.9047619047619048E-4	1.9047619047619048E-4	0.3716190476190476
35	35	3.92156862745098E-4	3.92156862745098E-4	0.223921568627451	3.92156862745098E-4	3.92156862745098E-4	3.92156862745098E-4	0.03568627450980392	3.92156862745098E-4	3.92156862745098E-4	3.92156862745098E-4	3.92156862745098E-4	3.92156862745098E-4	3.92156862745098E-4	0.01215686274509804	3.92156862745098E-4	0.08274509803921569	3.92156862745098E-4	3.92156862745098E-4	3.92156862745098E-4	0.08274509803921569	3.92156862745098E-4	3.92156862745098E-4	3.92156862745098E-4	3.92156862745098E-4	3.92156862745098E-4	3.92156862745098E-4	3.92156862745098E-4	3.92156862745098E-4	3.92156862745098E-4	0.5533333333333333
36	36	3.058103975535168E-4	3.058103975535168E-4	0.3305810397553517	3.058103975535168E-4	0.13792048929663608	3.058103975535168E-4	0.11039755351681957	0.018654434250764525	3.058103975535168E-4	3.058103975535168E-4	3.058103975535168E-4	3.058103975535168E-4	3.058103975535168E-4	3.058103975535168E-4	3.058103975535168E-4	3.058103975535168E-4	3.058103975535168E-4	3.058103975535168E-4	0.055351681957186545	0.04617737003058104	3.058103975535168E-4	3.058103975535168E-4	3.058103975535168E-4	3.058103975535168E-4	3.058103975535168E-4	3.058103975535168E-4	3.058103975535168E-4	3.058103975535168E-4	0.07370030581039755	0.22048929663608563
37	37	5.46448087431694E-4	0.06612021857923497	0.27923497267759567	5.46448087431694E-4	5.46448087431694E-4	0.016939890710382516	0.11530054644808743	5.46448087431694E-4	5.46448087431694E-4	5.46448087431694E-4	5.46448087431694E-4	5.46448087431694E-4	5.46448087431694E-4	5.46448087431694E-4	5.46448087431694E-4	5.46448087431694E-4	5.46448087431694E-4	5.46448087431694E-4	0.08251366120218578	5.46448087431694E-4	5.46448087431694E-4	5.46448087431694E-4	5.46448087431694E-4	0.13169398907103824	5.46448087431694E-4	5.46448087431694E-4	5.46448087431694E-4	5.46448087431694E-4	5.46448087431694E-4	0.29562841530054645
38	38	0.03839662447257384	4.219409282700422E-4	4.219409282700422E-4	4.219409282700422E-4	4.219409282700422E-4	4.219409282700422E-4	4.219409282700422E-4	4.219409282700422E-4	4.219409282700422E-4	4.219409282700422E-4	4.219409282700422E-4	4.219409282700422E-4	4.219409282700422E-4	4.219409282700422E-4	4.219409282700422E-4	0.02573839662447257	4.219409282700422E-4	4.219409282700422E-4	0.10168776371308016	4.219409282700422E-4	4.219409282700422E-4	4.219409282700422E-4	4.219409282700422E-4	4.219409282700422E-4	4.219409282700422E-4	4.219409282700422E-4	0.02573839662447257	4.219409282700422E-4	4.219409282700422E-4	0.7978902953586497
39	39	2.1645021645021645E-4	2.1645021645021645E-4	0.019696969696969695	0.05216450216450216	0.06515151515151515	2.1645021645021645E-4	2.1645021645021645E-4	2.1645021645021645E-4	2.1645021645021645E-4	2.1645021645021645E-4	2.1645021645021645E-4	2.1645021645021645E-4	0.013203463203463203	2.1645021645021645E-4	2.1645021645021645E-4	2.1645021645021645E-4	2.1645021645021645E-4	2.1645021645021645E-4	2.1645021645021645E-4	2.1645021645021645E-4	0.019696969696969695	2.1645021645021645E-4	2.1645021645021645E-4	2.1645021645021645E-4	2.1645021645021645E-4	2.1645021645021645E-4	2.1645021645021645E-4	2.1645021645021645E-4	2.1645021645021645E-4	0.8248917748917749
40	40	0.05645833333333333	2.0833333333333332E-4	2.0833333333333332E-4	2.0833333333333332E-4	2.0833333333333332E-4	2.0833333333333332E-4	2.0833333333333332E-4	2.0833333333333332E-4	2.0833333333333332E-4	2.0833333333333332E-4	0.012708333333333332	0.025208333333333333	2.0833333333333332E-4	0.05645833333333333	0.012708333333333332	2.0833333333333332E-4	2.0833333333333332E-4	2.0833333333333332E-4	2.0833333333333332E-4	0.006458333333333334	2.0833333333333332E-4	2.0833333333333332E-4	2.0833333333333332E-4	2.0833333333333332E-4	2.0833333333333332E-4	2.0833333333333332E-4	2.0833333333333332E-4	2.0833333333333332E-4	2.0833333333333332E-4	0.8252083333333333
41	41	2.777777777777778E-4	2.777777777777778E-4	2.777777777777778E-4	2.777777777777778E-4	2.777777777777778E-4	0.06694444444444445	0.008611111111111113	2.777777777777778E-4	2.777777777777778E-4	0.016944444444444443	2.777777777777778E-4	2.777777777777778E-4	2.777777777777778E-4	2.777777777777778E-4	2.777777777777778E-4	2.777777777777778E-4	2.777777777777778E-4	2.777777777777778E-4	0.008611111111111113	2.777777777777778E-4	0.016944444444444443	2.777777777777778E-4	0.8252777777777778	2.777777777777778E-4	2.777777777777778E-4	0.008611111111111113	2.777777777777778E-4	0.008611111111111113	2.777777777777778E-4	0.03361111111111111
42	42	2.0964360587002095E-4	2.0964360587002095E-4	2.0964360587002095E-4	0.03165618448637317	2.0964360587002095E-4	2.0964360587002095E-4	2.0964360587002095E-4	0.0631027253668763	2.0964360587002095E-4	2.0964360587002095E-4	2.0964360587002095E-4	2.0964360587002095E-4	2.0964360587002095E-4	2.0964360587002095E-4	2.0964360587002095E-4	2.0964360587002095E-4	2.0964360587002095E-4	2.0964360587002095E-4	0.20146750524109014	2.0964360587002095E-4	2.0964360587002095E-4	0.037945492662473795	0.3083857442348008	2.0964360587002095E-4	2.0964360587002095E-4	2.0964360587002095E-4	2.0964360587002095E-4	2.0964360587002095E-4	2.0964360587002095E-4	0.35241090146750526
43	43	1.6420361247947455E-4	0.0839080459770115	1.6420361247947455E-4	1.6420361247947455E-4	0.024794745484400655	1.6420361247947455E-4	0.0444991789819376	1.6420361247947455E-4	1.6420361247947455E-4	0.0839080459770115	1.6420361247947455E-4	1.6420361247947455E-4	1.6420361247947455E-4	1.6420361247947455E-4	0.010016420361247946	1.6420361247947455E-4	1.6420361247947455E-4	1.6420361247947455E-4	0.39425287356321836	1.6420361247947455E-4	1.6420361247947455E-4	1.6420361247947455E-4	0.09376026272577997	1.6420361247947455E-4	1.6420361247947455E-4	0.039573070607553364	1.6420361247947455E-4	1.6420361247947455E-4	1.6420361247947455E-4	0.2218390804597701
44	44	1.8621973929236498E-4	1.8621973929236498E-4	1.8621973929236498E-4	0.016945996275605214	0.22364990689013034	1.8621973929236498E-4	1.8621973929236498E-4	1.8621973929236498E-4	1.8621973929236498E-4	0.15102420856610801	1.8621973929236498E-4	1.8621973929236498E-4	1.8621973929236498E-4	1.8621973929236498E-4	1.8621973929236498E-4	0.05605214152700186	1.8621973929236498E-4	1.8621973929236498E-4	0.06163873370577281	1.8621973929236498E-4	0.011359404096834265	1.8621973929236498E-4	0.016945996275605214	1.8621973929236498E-4	1.8621973929236498E-4	1.8621973929236498E-4	0.044878957169459964	1.8621973929236498E-4	0.02811918063314711	0.3856610800744879
45	45	2.976190476190476E-4	0.06279761904761905	0.053869047619047615	2.976190476190476E-4	0.07172619047619047	2.976190476190476E-4	2.976190476190476E-4	2.976190476190476E-4	2.976190476190476E-4	2.976190476190476E-4	2.976190476190476E-4	2.976190476190476E-4	2.976190476190476E-4	2.976190476190476E-4	2.976190476190476E-4	0.10744047619047618	2.976190476190476E-4	2.976190476190476E-4	2.976190476190476E-4	2.976190476190476E-4	2.976190476190476E-4	0.018154761904761903	2.976190476190476E-4	2.976190476190476E-4	0.018154761904761903	2.976190476190476E-4	0.018154761904761903	2.976190476190476E-4	2.976190476190476E-4	0.6431547619047618
46	46	9.80392156862745E-4	9.80392156862745E-4	0.2068627450980392	9.80392156862745E-4	9.80392156862745E-4	9.80392156862745E-4	9.80392156862745E-4	9.80392156862745E-4	9.80392156862745E-4	0.05980392156862745	9.80392156862745E-4	9.80392156862745E-4	9.80392156862745E-4	9.80392156862745E-4	9.80392156862745E-4	9.80392156862745E-4	9.80392156862745E-4	9.80392156862745E-4	9.80392156862745E-4	9.80392156862745E-4	9.80392156862745E-4	9.80392156862745E-4	9.80392156862745E-4	9.80392156862745E-4	9.80392156862745E-4	9.80392156862745E-4	9.80392156862745E-4	9.80392156862745E-4	9.80392156862745E-4	0.7068627450980393
47	47	5.128205128205128E-4	5.128205128205128E-4	0.13897435897435897	5.128205128205128E-4	5.128205128205128E-4	0.8312820512820512	5.128205128205128E-4	5.128205128205128E-4	5.128205128205128E-4	5.128205128205128E-4	5.128205128205128E-4	5.128205128205128E-4	5.128205128205128E-4	5.128205128205128E-4	5.128205128205128E-4	5.128205128205128E-4	5.128205128205128E-4	0.015897435897435898	5.128205128205128E-4	5.128205128205128E-4	5.128205128205128E-4	5.128205128205128E-4	5.128205128205128E-4	5.128205128205128E-4	5.128205128205128E-4	5.128205128205128E-4	5.128205128205128E-4	5.128205128205128E-4	5.128205128205128E-4	5.128205128205128E-4
48	48	7.824726134585289E-5	7.824726134585289E-5	0.13857589984350546	7.824726134585289E-5	7.824726134585289E-5	0.46486697965571205	0.018857589984350547	7.824726134585289E-5	7.824726134585289E-5	7.824726134585289E-5	7.824726134585289E-5	0.07754303599374021	7.824726134585289E-5	7.824726134585289E-5	0.09632237871674491	0.10336463223787166	7.824726134585289E-5	7.824726134585289E-5	0.03763693270735525	7.824726134585289E-5	7.824726134585289E-5	7.824726134585289E-5	7.824726134585289E-5	7.824726134585289E-5	7.824726134585289E-5	0.018857589984350547	0.004773082942097026	7.824726134585289E-5	7.824726134585289E-5	0.03763693270735525
49	49	1.1904761904761905E-4	1.1904761904761905E-4	0.2251190476190476	1.1904761904761905E-4	1.1904761904761905E-4	0.4894047619047619	1.1904761904761905E-4	1.1904761904761905E-4	1.1904761904761905E-4	1.1904761904761905E-4	0.010833333333333334	0.010833333333333334	0.010833333333333334	1.1904761904761905E-4	0.13226190476190475	0.06440476190476191	1.1904761904761905E-4	0.03940476190476191	0.014404761904761905	1.1904761904761905E-4	1.1904761904761905E-4	1.1904761904761905E-4	1.1904761904761905E-4	1.1904761904761905E-4	1.1904761904761905E-4	1.1904761904761905E-4	1.1904761904761905E-4	1.1904761904761905E-4	1.1904761904761905E-4	1.1904761904761905E-4
50	50	1.1037527593818985E-4	1.1037527593818985E-4	1.1037527593818985E-4	0.010044150110375275	1.1037527593818985E-4	0.2716335540838852	1.1037527593818985E-4	1.1037527593818985E-4	1.1037527593818985E-4	0.059713024282560714	1.1037527593818985E-4	0.5332229580573952	1.1037527593818985E-4	1.1037527593818985E-4	1.1037527593818985E-4	0.04646799116997793	1.1037527593818985E-4	1.1037527593818985E-4	1.1037527593818985E-4	1.1037527593818985E-4	1.1037527593818985E-4	1.1037527593818985E-4	0.04977924944812362	1.1037527593818985E-4	1.1037527593818985E-4	0.01997792494481236	1.1037527593818985E-4	1.1037527593818985E-4	1.1037527593818985E-4	0.00673289183222958
51	51	1.3123359580052493E-4	1.3123359580052493E-4	1.3123359580052493E-4	1.3123359580052493E-4	1.3123359580052493E-4	0.4095800524934383	1.3123359580052493E-4	1.3123359580052493E-4	1.3123359580052493E-4	0.023753280839895013	1.3123359580052493E-4	0.023753280839895013	0.2363517060367454	1.3123359580052493E-4	1.3123359580052493E-4	1.3123359580052493E-4	0.02769028871391076	0.08674540682414698	1.3123359580052493E-4	1.3123359580052493E-4	1.3123359580052493E-4	1.3123359580052493E-4	0.07493438320209975	1.3123359580052493E-4	1.3123359580052493E-4	0.11430446194225723	1.3123359580052493E-4	1.3123359580052493E-4	1.3123359580052493E-4	1.3123359580052493E-4
52	52	1.937984496124031E-4	1.937984496124031E-4	1.937984496124031E-4	1.937984496124031E-4	1.937984496124031E-4	0.4827519379844961	1.937984496124031E-4	1.937984496124031E-4	1.937984496124031E-4	0.19205426356589148	1.937984496124031E-4	1.937984496124031E-4	0.0815891472868217	0.011821705426356589	1.937984496124031E-4	1.937984496124031E-4	1.937984496124031E-4	1.937984496124031E-4	1.937984496124031E-4	1.937984496124031E-4	0.226937984496124	1.937984496124031E-4	1.937984496124031E-4	1.937984496124031E-4	1.937984496124031E-4	1.937984496124031E-4	1.937984496124031E-4	1.937984496124031E-4	1.937984496124031E-4	1.937984496124031E-4
53	53	1.3175230566534913E-4	1.3175230566534913E-4	1.3175230566534913E-4	1.3175230566534913E-4	1.3175230566534913E-4	0.4823451910408432	1.3175230566534913E-4	1.3175230566534913E-4	1.3175230566534913E-4	1.3175230566534913E-4	0.004084321475625824	0.04756258234519104	1.3175230566534913E-4	1.3175230566534913E-4	1.3175230566534913E-4	1.3175230566534913E-4	1.3175230566534913E-4	0.06732542819499342	0.3953886693017128	1.3175230566534913E-4	1.3175230566534913E-4	1.3175230566534913E-4	1.3175230566534913E-4	1.3175230566534913E-4	1.3175230566534913E-4	1.3175230566534913E-4	1.3175230566534913E-4	1.3175230566534913E-4	1.3175230566534913E-4	1.3175230566534913E-4
54	54	1.8832391713747646E-4	0.017137476459510356	1.8832391713747646E-4	1.8832391713747646E-4	1.8832391713747646E-4	0.6047080979284369	1.8832391713747646E-4	1.8832391713747646E-4	1.8832391713747646E-4	0.03408662900188324	0.011487758945386064	1.8832391713747646E-4	1.8832391713747646E-4	1.8832391713747646E-4	1.8832391713747646E-4	1.8832391713747646E-4	1.8832391713747646E-4	1.8832391713747646E-4	0.18097928436911487	1.8832391713747646E-4	0.03408662900188324	1.8832391713747646E-4	1.8832391713747646E-4	0.005838041431261771	1.8832391713747646E-4	1.8832391713747646E-4	1.8832391713747646E-4	1.8832391713747646E-4	0.10753295668549907	1.8832391713747646E-4
55	55	0.045061728395061736	8.818342151675484E-5	0.19320987654320987	8.818342151675484E-5	8.818342151675484E-5	0.349294532627866	8.818342151675484E-5	8.818342151675484E-5	8.818342151675484E-5	0.013315696649029983	8.818342151675484E-5	8.818342151675484E-5	0.14029982363315696	8.818342151675484E-5	0.07151675485008818	8.818342151675484E-5	0.00802469135802469	8.818342151675484E-5	0.11119929453262786	8.818342151675484E-5	0.00802469135802469	8.818342151675484E-5	0.005379188712522046	8.818342151675484E-5	0.005379188712522046	8.818342151675484E-5	8.818342151675484E-5	8.818342151675484E-5	8.818342151675484E-5	0.04770723104056438
56	56	0.01377777777777778	4.444444444444444E-4	0.24044444444444446	4.444444444444444E-4	4.444444444444444E-4	0.5604444444444444	4.444444444444444E-4	4.444444444444444E-4	4.444444444444444E-4	4.444444444444444E-4	4.444444444444444E-4	4.444444444444444E-4	4.444444444444444E-4	4.444444444444444E-4	4.444444444444444E-4	4.444444444444444E-4	4.444444444444444E-4	4.444444444444444E-4	4.444444444444444E-4	4.444444444444444E-4	4.444444444444444E-4	4.444444444444444E-4	4.444444444444444E-4	4.444444444444444E-4	4.444444444444444E-4	4.444444444444444E-4	4.444444444444444E-4	4.444444444444444E-4	0.17377777777777778	4.444444444444444E-4
57	57	0.021180555555555553	3.4722222222222224E-4	0.11493055555555555	3.4722222222222224E-4	3.4722222222222224E-4	3.4722222222222224E-4	3.4722222222222224E-4	0.10451388888888889	3.4722222222222224E-4	3.4722222222222224E-4	3.4722222222222224E-4	3.4722222222222224E-4	3.4722222222222224E-4	0.03159722222222222	0.01076388888888889	3.4722222222222224E-4	3.4722222222222224E-4	3.4722222222222224E-4	3.4722222222222224E-4	0.06284722222222222	0.06284722222222222	3.4722222222222224E-4	3.4722222222222224E-4	3.4722222222222224E-4	3.4722222222222224E-4	3.4722222222222224E-4	3.4722222222222224E-4	3.4722222222222224E-4	0.5836805555555555	3.4722222222222224E-4
58	58	2.525252525252525E-4	0.02297979797979798	0.30328282828282827	0.007828282828282828	2.525252525252525E-4	2.525252525252525E-4	0.015404040404040403	2.525252525252525E-4	0.007828282828282828	2.525252525252525E-4	2.525252525252525E-4	2.525252525252525E-4	2.525252525252525E-4	2.525252525252525E-4	0.2881313131313131	2.525252525252525E-4	0.03813131313131313	2.525252525252525E-4	2.525252525252525E-4	2.525252525252525E-4	2.525252525252525E-4	0.06843434343434343	0.007828282828282828	2.525252525252525E-4	2.525252525252525E-4	2.525252525252525E-4	2.525252525252525E-4	2.525252525252525E-4	0.23510101010101012	2.525252525252525E-4
59	59	8.984725965858041E-5	8.984725965858041E-5	0.18607367475292003	8.984725965858041E-5	0.029739442946990116	0.045911949685534595	8.984725965858041E-5	0.040521114106019766	8.984725965858041E-5	0.008176100628930818	8.984725965858041E-5	0.008176100628930818	8.984725965858041E-5	8.984725965858041E-5	0.23189577717879603	8.984725965858041E-5	0.048607367475292006	8.984725965858041E-5	8.984725965858041E-5	0.005480682839173405	8.984725965858041E-5	8.984725965858041E-5	8.984725965858041E-5	8.984725965858041E-5	8.984725965858041E-5	8.984725965858041E-5	8.984725965858041E-5	8.984725965858041E-5	0.36666666666666664	0.027044025157232705
60	60	0.04814814814814815	5.291005291005291E-4	5.291005291005291E-4	0.032275132275132276	5.291005291005291E-4	0.032275132275132276	5.291005291005291E-4	0.4608465608465609	5.291005291005291E-4	5.291005291005291E-4	5.291005291005291E-4	5.291005291005291E-4	5.291005291005291E-4	5.291005291005291E-4	5.291005291005291E-4	5.291005291005291E-4	5.291005291005291E-4	5.291005291005291E-4	0.04814814814814815	5.291005291005291E-4	0.032275132275132276	5.291005291005291E-4	5.291005291005291E-4	5.291005291005291E-4	5.291005291005291E-4	5.291005291005291E-4	5.291005291005291E-4	5.291005291005291E-4	0.3338624338624339	5.291005291005291E-4
61	61	5.46448087431694E-4	5.46448087431694E-4	0.21366120218579235	5.46448087431694E-4	5.46448087431694E-4	5.46448087431694E-4	5.46448087431694E-4	5.46448087431694E-4	5.46448087431694E-4	5.46448087431694E-4	5.46448087431694E-4	0.21366120218579235	5.46448087431694E-4	5.46448087431694E-4	0.016939890710382516	0.5415300546448087	5.46448087431694E-4	5.46448087431694E-4	5.46448087431694E-4	5.46448087431694E-4	5.46448087431694E-4	5.46448087431694E-4	5.46448087431694E-4	5.46448087431694E-4	5.46448087431694E-4	5.46448087431694E-4	5.46448087431694E-4	5.46448087431694E-4	5.46448087431694E-4	5.46448087431694E-4
